Frame station,draught,Displacement,BASE VALUE (SF),DRAFT CORRECT. (CD) SF,TRIM CORRECT. (CT) SF,BASE VALUE (BM),DRAFT CORRECT. (CD) BM,TRIM CORRECT. (CT) BM
249,1,5354,-0.688,0.212,-0.097,-4.783,1.177,-0.53
249,2,11540,-0.476,0.208,-0.095,-3.606,1.137,-0.516
249,3,17726,-0.267,0.205,-0.094,-2.469,1.097,-0.502
249,4,24012,-0.063,0.201,-0.093,-1.372,1.057,-0.488
249,5,30369,0.139,0.197,-0.092,-0.315,1.017,-0.474
249,6,36787,0.336,0.194,-0.091,0.702,0.977,-0.46
249,7,43268,0.53,0.19,-0.089,1.679,0.937,-0.446
249,8,49830,0.72,0.187,-0.088,2.616,0.897,-0.432
249,9,56521,0.907,0.183,-0.087,3.513,0.857,-0.418
249,10,63346,1.09,0.179,-0.086,4.37,0.817,-0.404
249,11,70264,1.269,0.176,-0.085,5.187,0.777,-0.39
249,12,77250,1.445,0.172,-0.083,5.964,0.737,-0.376
249,13,84278,1.618,0.169,-0.082,6.701,0.697,-0.362
249,14,91323,1.786,0.165,-0.081,7.398,0.657,-0.348
249,15,98381,1.952,0.161,-0.08,8.055,0.617,-0.334
218,1,5354,-1.384,1.014,-0.412,-33.811,17.063,-7.331
218,2,11540,-0.371,1.011,-0.411,-16.748,16.937,-7.293
218,3,17726,0.64,1.008,-0.411,0.189,16.811,-7.255
218,4,24012,1.648,1.005,-0.41,17,16.685,-7.217
218,5,30369,2.654,1.003,-0.409,33.685,16.559,-7.179
218,6,36787,3.656,1,-0.409,50.244,16.433,-7.141
218,7,43268,4.656,0.997,-0.408,66.677,16.307,-7.103
218,8,49830,5.653,0.994,-0.407,82.984,16.181,-7.065
218,9,56521,6.647,0.991,-0.406,99.165,16.055,-7.027
218,10,63346,7.638,0.989,-0.406,115.22,15.929,-6.989
218,11,70264,8.627,0.986,-0.405,131.149,15.803,-6.951
218,12,77250,9.612,0.983,-0.404,146.952,15.677,-6.913
218,13,84278,10.595,0.98,-0.404,162.629,15.551,-6.875
218,14,91323,11.575,0.977,-0.403,178.18,15.425,-6.837
218,15,98381,12.553,0.975,-0.402,193.605,15.299,-6.799
186,1,5354,-1.853,1.926,-0.663,-78.064,57.742,-22.477
186,2,11540,0.072,1.924,-0.663,-20.322,57.548,-22.421
186,3,17726,1.996,1.922,-0.662,37.226,57.354,-22.365
186,4,24012,3.918,1.92,-0.662,94.58,57.16,-22.309
186,5,30369,5.837,1.918,-0.661,151.74,56.966,-22.253
186,6,36787,7.755,1.916,-0.66,208.706,56.772,-22.197
186,7,43268,9.671,1.914,-0.66,265.478,56.578,-22.141
186,8,49830,11.585,1.912,-0.659,322.056,56.384,-22.085
186,9,56521,13.496,1.91,-0.659,378.44,56.19,-22.029
186,10,63346,15.406,1.908,-0.658,434.63,55.996,-21.973
186,11,70264,17.314,1.906,-0.657,490.626,55.802,-21.917
186,12,77250,19.219,1.904,-0.657,546.428,55.608,-21.861
186,13,84278,21.123,1.902,-0.656,602.036,55.414,-21.805
186,14,91323,23.025,1.9,-0.655,657.45,55.22,-21.749
186,15,98381,24.925,1.898,-0.655,712.67,55.026,-21.693
156,1,5354,-2.294,2.781,-0.796,-131.955,118.805,-41.625
156,2,11540,0.487,2.779,-0.795,-13.15,118.565,-41.555
156,3,17726,3.266,2.778,-0.795,105.415,118.325,-41.485
156,4,24012,6.044,2.776,-0.794,223.74,118.085,-41.415
156,5,30369,8.82,2.775,-0.794,341.825,117.845,-41.345
156,6,36787,11.596,2.774,-0.793,459.67,117.605,-41.275
156,7,43268,14.369,2.772,-0.793,577.275,117.365,-41.205
156,8,49830,17.142,2.771,-0.792,694.64,117.125,-41.135
156,9,56521,19.913,2.769,-0.792,811.765,116.885,-41.065
156,10,63346,22.682,2.768,-0.791,928.65,116.645,-40.995
156,11,70264,25.45,2.767,-0.791,1045.295,116.405,-40.925
156,12,77250,28.217,2.765,-0.79,1161.7,116.165,-40.855
156,13,84278,30.982,2.764,-0.79,1277.865,115.925,-40.785
156,14,91323,33.746,2.763,-0.789,1393.79,115.685,-40.715
156,15,98381,36.508,2.761,-0.789,1509.475,115.445,-40.645
127,1,5354,-2.723,3.61,-0.828,-194.788,198.944,-62.189
127,2,11540,0.887,3.608,-0.828,4.156,198.676,-62.106
127,3,17726,4.495,3.608,-0.827,202.832,198.408,-62.023
127,4,24012,8.103,3.606,-0.827,401.24,198.14,-61.94
127,5,30369,11.71,3.605,-0.826,599.38,197.872,-61.857
127,6,36787,15.315,3.604,-0.826,797.252,197.604,-61.774
127,7,43268,18.919,3.604,-0.825,994.856,197.336,-61.691
127,8,49830,22.523,3.602,-0.825,1192.192,197.068,-61.608
127,9,56521,26.126,3.602,-0.824,1389.26,196.8,-61.525
127,10,63346,29.727,3.601,-0.824,1586.06,196.532,-61.442
127,11,70264,33.328,3.599,-0.823,1782.592,196.264,-61.359
127,12,77250,36.927,3.599,-0.823,1978.856,195.996,-61.276
127,13,84278,40.526,3.597,-0.822,2174.852,195.728,-61.193
127,14,91323,44.123,3.597,-0.822,2370.58,195.46,-61.11
127,15,98381,47.72,3.595,-0.821,2566.04,195.192,-61.027
96,1,5354,-3.187,4.501,-0.759,-274.032,307.672,-83.088
96,2,11540,1.313,4.499,-0.759,33.64,307.376,-82.992
96,3,17726,5.813,4.498,-0.758,341.016,307.08,-82.896
96,4,24012,10.311,4.497,-0.758,648.096,306.784,-82.8
96,5,30369,14.808,4.496,-0.757,954.88,306.488,-82.704
96,6,36787,19.304,4.495,-0.757,1261.368,306.192,-82.608
96,7,43268,23.798,4.493,-0.756,1567.56,305.896,-82.512
96,8,49830,28.292,4.492,-0.756,1873.456,305.6,-82.416
96,9,56521,32.784,4.491,-0.755,2179.056,305.304,-82.32
96,10,63346,37.275,4.49,-0.755,2484.36,305.008,-82.224
96,11,70264,41.765,4.489,-0.754,2789.368,304.712,-82.128
96,12,77250,46.253,4.487,-0.754,3094.08,304.416,-82.032
96,13,84278,50.741,4.486,-0.753,3398.496,304.12,-81.936
96,14,91323,55.227,4.485,-0.753,3702.616,303.824,-81.84
96,15,98381,59.712,4.484,-0.752,4006.44,303.528,-81.744
65,1,5354,-3.763,5.392,-0.583,-366.356,440.308,-101.953
65,2,11540,1.629,5.39,-0.583,73.952,439.972,-101.845
65,3,17726,7.018,5.388,-0.582,513.924,439.636,-101.737
65,4,24012,12.407,5.387,-0.582,953.56,439.3,-101.629
65,5,30369,17.794,5.385,-0.581,1392.86,438.964,-101.521
65,6,36787,23.179,5.383,-0.581,1831.824,438.628,-101.413
65,7,43268,28.562,5.382,-0.58,2270.452,438.292,-101.305
65,8,49830,33.944,5.38,-0.58,2708.744,437.956,-101.197
65,9,56521,39.324,5.379,-0.579,3146.7,437.62,-101.089
65,10,63346,44.703,5.377,-0.579,3584.32,437.284,-100.981
65,11,70264,50.08,5.375,-0.578,4021.604,436.948,-100.873
65,12,77250,55.456,5.374,-0.578,4458.552,436.612,-100.765
65,13,84278,60.83,5.372,-0.577,4895.164,436.276,-100.657
65,14,91323,66.202,5.371,-0.577,5331.44,435.94,-100.549
65,15,98381,71.572,5.369,-0.576,5767.38,435.604,-100.441
32,1,5354,-5.061,6.178,-0.337,-491.184,606.562,-114.946
32,2,11540,1.117,6.194,-0.33,115.378,606.308,-114.783
32,3,17726,7.311,6.209,-0.324,721.686,606.054,-114.62
32,4,24012,13.52,6.225,-0.318,1327.74,605.8,-114.457
32,5,30369,19.745,6.241,-0.312,1933.54,605.546,-114.294
32,6,36787,25.986,6.256,-0.306,2539.086,605.292,-114.131
32,7,43268,32.242,6.272,-0.299,3144.378,605.038,-113.968
32,8,49830,38.514,6.287,-0.293,3749.416,604.784,-113.805
32,9,56521,44.801,6.303,-0.287,4354.2,604.53,-113.642
32,10,63346,51.104,6.319,-0.281,4958.73,604.276,-113.479
32,11,70264,57.423,6.334,-0.275,5563.006,604.022,-113.316
32,12,77250,63.757,6.35,-0.268,6167.028,603.768,-113.153
32,13,84278,70.107,6.365,-0.262,6770.796,603.514,-112.99
32,14,91323,76.472,6.381,-0.256,7374.31,603.26,-112.827
32,15,98381,82.853,6.397,-0.25,7977.57,603.006,-112.664
